<?xml version="1.0"?>
<opencv_storage>
<mtx type_id="opencv-matrix">
  <rows>3</rows>
  <cols>3</cols>
  <dt>d</dt>
  <data>
    1.3130780567505442e+03 0. 4.3849177283726755e+02 0.
    1.3133705073479639e+03 3.1809940862771538e+02 0. 0. 1.</data></mtx>
<dist type_id="opencv-matrix">
  <rows>1</rows>
  <cols>5</cols>
  <dt>d</dt>
  <data>
    -1.2589759046321861e-01 1.1993648108489869e+00
    1.8491865544603559e-03 7.9048444538730601e-03
    -5.3156501563459955e+00</data></dist>
</opencv_storage>
